1 0.9859375 0.2718750000000001 0.8734375 0.2718750000000001 0.8734375 0.4078125000000002 0.9859375 0.4078125000000002
1 0.834375 0.4234375000000001 0.6984375 0.4234375 0.6984375 0.5468750000000001 0.834375 0.5468750000000002
1 0.875 0.1312500000000001 0.775 0.1312500000000001 0.775 0.2234375000000001 0.875 0.2234375000000001
1 0.7328125 0.05781250000000008 0.60625 0.057812500000000065 0.60625 0.19531250000000008 0.7328125 0.19531250000000008
1 0.5078125 0.37968750000000007 0.3906250000000001 0.37968750000000007 0.3906250000000001 0.5234375 0.5078125 0.5234375
1 0.3796875 0.12656250000000005 0.2546875 0.12656250000000005 0.2546875 0.2515625 0.3796875 0.2515625000000001
1 0.2515625 0.10468750000000002 0.1640625 0.1046875 0.16406250000000003 0.2234375 0.2515625 0.2234375
1 0.16875000000000012 0.63125 7.730582919617668e-17 0.63125 9.62495843704873e-17 0.940625 0.16875000000000012 0.940625
2 0.5703125 0.21093750000000008 0.46875 0.21093750000000008 0.46875 0.3281250000000001 0.5703125 0.3281250000000001
2 0.6078125 0.14375000000000007 0.5234375 0.14375000000000004 0.5234375 0.2156250000000001 0.6078125 0.2156250000000001
2 0.440625 0.02343750000000005 0.3515625 0.023437500000000045 0.3515625 0.11250000000000004 0.440625 0.11250000000000004
1 0.33125 3.4156164632469147e-17 0.2265625 2.7745904043182222e-17 0.2265625 0.10625000000000004 0.33125 0.10625000000000004