1 0.95 0.0796875000000001 0.878125 0.0796875000000001 0.878125 0.16875000000000012 0.95 0.16875000000000012
1 0.8734375 0.1062500000000001 0.7859375 0.1062500000000001 0.7859375 0.2515625000000001 0.8734375 0.2515625000000001
1 0.771875 0.09531250000000009 0.6703125 0.09531250000000009 0.6703125 0.22656250000000008 0.771875 0.22656250000000008
1 0.65625 0.09843750000000008 0.5640625 0.09843750000000007 0.5640625 0.2390625000000001 0.65625 0.2390625000000001
1 0.565625 0.14375000000000007 0.475 0.14375000000000004 0.475 0.2562500000000001 0.565625 0.2562500000000001
1 0.2953125 0.14062500000000006 0.1984375 0.14062500000000006 0.19843750000000002 0.2703125 0.2953125 0.2703125
1 0.215625 0.10937500000000003 0.1390625 0.109375 0.13906250000000003 0.221875 0.215625 0.221875
1 0.06250000000000001 0.034375 0.012500000000000006 0.034375 0.012500000000000011 0.1234375 0.06250000000000003 0.1234375
1 0.1296875 0.15625 0.057812500000000024 0.15625 0.057812500000000024 0.225 0.12968750000000004 0.225
1 0.3125 0.06093750000000003 0.2640625 0.06093750000000002 0.2640625 0.13593750000000004 0.3125 0.13593750000000004
1 0.3671875 0.07031250000000004 0.325 0.07031250000000004 0.325 0.12656250000000005 0.3671875 0.12656250000000005