1 0.07656250000000003 0.25625 3.138157422815093e-17 0.25625 3.9609669909922206e-17 0.390625 0.07656250000000005 0.390625
1 0.2328125000000001 0.3875 0.09687500000000004 0.3875 0.09687500000000006 0.5125 0.2328125000000001 0.5125
1 0.19062500000000002 0.10781250000000002 0.09062500000000002 0.1078125 0.09062500000000002 0.2 0.19062500000000004 0.2
1 0.3609375 0.020312500000000035 0.234375 0.02031250000000003 0.234375 0.15781250000000005 0.3609375 0.15781250000000005
1 0.5390625 0.3125000000000001 0.421875 0.3125000000000001 0.421875 0.45625 0.5390625 0.45625
1 0.7015625 0.05156250000000008 0.5765625 0.05156250000000007 0.5765625 0.1765625000000001 0.7015625 0.1765625000000001
1 0.7921875 0.02031250000000009 0.703125 0.020312500000000087 0.703125 0.1359375000000001 0.7921875 0.1359375000000001
1 0.9609375 0.51875 0.7171875 0.51875 0.7171875000000001 0.825 0.9609375 0.825
2 0.4828125 0.15468750000000003 0.38125 0.15468750000000003 0.38125 0.27031250000000007 0.4828125 0.27031250000000007
2 0.4375 0.09531250000000005 0.353125 0.09531250000000005 0.353125 0.16562500000000005 0.4375 0.16562500000000005
2 0.6203125 7.060854201333958e-17 0.5328125 6.52507122670699e-17 0.5328125 0.04687500000000007 0.6203125 0.046875000000000076
1 0.740625 8.457716956611408e-17 0.640625 7.845393557037732e-17 0.640625 0.028125000000000084 0.740625 0.028125000000000087