1 0.928125 0.1250000000000001 0.8671875 0.12500000000000008 0.8671875 0.2078125000000001 0.928125 0.2078125000000001
1 0.85 0.14843750000000008 0.778125 0.14843750000000008 0.778125 0.2828125000000001 0.85 0.2828125000000001
1 0.7578125 0.1359375000000001 0.671875 0.1359375000000001 0.671875 0.2578125000000001 0.7578125 0.2578125000000001
1 0.6515625 0.1390625000000001 0.5734375 0.1390625000000001 0.5734375 0.2671875000000001 0.6515625 0.2671875000000001
1 0.565625 0.17968750000000006 0.4875 0.17968750000000006 0.4875 0.2828125000000001 0.565625 0.2828125000000001
1 0.3140625 0.17343750000000005 0.23125 0.17343750000000005 0.23125 0.2921875 0.3140625 0.2921875
1 0.2421875 0.14218750000000002 0.178125 0.1421875 0.17812500000000003 0.2453125 0.2421875 0.2453125
1 0.057812500000000024 0.1421875 0.004687500000000018 0.1421875 0.004687500000000023 0.2390625 0.057812500000000024 0.2390625
1 0.10625 0.07031250000000001 0.065625 0.0703125 0.06562500000000002 0.153125 0.10625 0.153125
1 0.16093750000000004 0.184375 0.09843750000000002 0.184375 0.09843750000000002 0.246875 0.16093750000000004 0.246875
1 0.3375 0.10000000000000005 0.2953125 0.10000000000000005 0.2953125 0.16875000000000004 0.3375 0.16875000000000004
1 0.3875 0.10937500000000004 0.353125 0.10937500000000004 0.353125 0.16093750000000004 0.3875 0.16093750000000004