1 0.9796875 0.2968750000000001 0.88125 0.2968750000000001 0.88125 0.4187500000000002 0.9796875 0.4187500000000002
1 0.8453125 0.4296875000000001 0.725 0.4296875 0.725 0.5390625000000001 0.8453125 0.5390625000000002
1 0.8703125 0.16406250000000008 0.78125 0.16406250000000008 0.78125 0.24375000000000008 0.8703125 0.24375000000000008
1 0.7375 0.09062500000000008 0.6265625 0.09062500000000007 0.6265625 0.21250000000000008 0.7375 0.21250000000000008
1 0.54375 0.3765625000000001 0.4421875 0.3765625000000001 0.4421875 0.5046875 0.54375 0.5046875
1 0.415625 0.13906250000000003 0.30625 0.13906250000000003 0.30625 0.24843750000000003 0.415625 0.2484375000000001
1 0.2984375 0.11406250000000004 0.221875 0.11406250000000004 0.221875 0.21875 0.2984375 0.21875
1 0.24375000000000008 0.5953125 7.290475476174086e-17 0.5953125 8.96479727188336e-17 0.86875 0.24375000000000008 0.86875
2 0.59375 0.2250000000000001 0.5046875 0.2250000000000001 0.5046875 0.3281250000000001 0.59375 0.3281250000000001
2 0.6265625 0.16406250000000008 0.5515625 0.16406250000000008 0.5515625 0.22656250000000008 0.6265625 0.22656250000000008
2 0.4671875 0.04687500000000005 0.3890625 0.04687500000000004 0.3890625 0.12500000000000006 0.4671875 0.12500000000000006
1 0.365625 0.018750000000000037 0.275 0.018750000000000034 0.275 0.11406250000000004 0.365625 0.11406250000000004