1 0.12187500000000002 0.1265625 0.05468750000000002 0.1265625 0.05468750000000002 0.2125 0.12187500000000004 0.2125
1 0.209375 0.153125 0.1265625 0.153125 0.12656250000000002 0.2953125 0.209375 0.2953125
1 0.3171875 0.14843750000000006 0.221875 0.14843750000000006 0.221875 0.2765625 0.3171875 0.2765625
1 0.4171875 0.15625000000000006 0.3296875 0.15625000000000006 0.3296875 0.29218750000000004 0.4171875 0.2921875000000001
1 0.5015625 0.20312500000000008 0.415625 0.20312500000000008 0.415625 0.3125000000000001 0.5015625 0.3125000000000001
1 0.7609375 0.21250000000000008 0.66875 0.21250000000000008 0.66875 0.3375000000000001 0.7609375 0.3375000000000001
1 0.8171875 0.1843750000000001 0.7453125 0.1843750000000001 0.7453125 0.29375000000000007 0.8171875 0.29375000000000007
1 0.990625 0.19062500000000013 0.934375 0.19062500000000013 0.934375 0.29375000000000007 0.990625 0.29375000000000007
1 0.934375 0.12031250000000011 0.8875 0.12031250000000009 0.8875 0.2062500000000001 0.934375 0.2062500000000001
1 0.89375 0.2312500000000001 0.8265625 0.2312500000000001 0.8265625 0.2984375000000001 0.89375 0.2984375000000001
1 0.7 0.13437500000000008 0.653125 0.13437500000000008 0.653125 0.2078125000000001 0.7 0.2078125000000001
1 0.6421875 0.14062500000000008 0.6015625 0.14062500000000008 0.6015625 0.19531250000000008 0.6421875 0.19531250000000008